      --   1
     |CC|  2
        -  1
     |CCC| 1     5
     -  -  2
    |CC|   2
   -  -    2
  |CCC|    2
   - -     2
   |C|     2    12
     -     1
   |CC|    1
    -      1
    |C|    1
     -     1     5


[[                           ]
 [                           ]
 [                1 1        ]
 [                1 1 1      ]
 [              1 1          ]
 [          1 1 1            ]
 [            1              ]
 [            1 1            ]
 [              1            ]
 [                           ]
 [                           ]
 [                           ]
 [                           ]
 [                           ]]
edge=14x14
  0 1 2 3 4 5 6 7 8 9 0 1 2 3
[[                           ]
 [                2 2        ]
 [              1     3      ]
 [              3       1    ]
 [          2 3     3 2      ]
 [        1       3          ]
 [          3   3            ]
 [          1     1          ]
 [            3   1          ]
 [              2            ]
 [                           ]
 [                           ]
 [                           ]
 [                           ]]
y=1 x=1 vh=0 vert=0 horz=0
